x : 8
y : 1
.................
.................
.................
.................
.................
.................
.................
.................
..O..............
.................
.................
.................
..............X..
.................
.................

.**
..*

15 14 13 13 13 13 13 13 13 13 13 13 13 13 13 13 13 
15 14 13 12 12 12 12 12 12 12 12 12 12 12 12 12 12 
15 14 13 12 11 11 11 11 11 11 11 11 11 11 11 11 11 
15 14 13 12 11 10 10 10 10 10 10 10 10 10 10 10 10 
15 14 13 12 11 10 9 9 9 9 9 9 9 9 9 9 9 
15 14 13 12 11 10 9 8 8 8 8 8 8 8 8 8 8 
15 14 13 12 11 10 9 8 7 7 7 7 7 7 7 7 7 
15 14 13 12 11 10 9 8 7 6 6 6 6 6 6 6 6 
15 14 13 12 11 10 9 8 7 6 5 5 5 5 5 5 5 
15 14 13 12 11 10 9 8 7 6 5 4 4 4 4 4 4 
15 14 13 12 11 10 9 8 7 6 5 4 3 3 3 3 3 
15 14 13 12 11 10 9 8 7 6 5 4 3 2 2 2 3 
15 14 13 12 11 10 9 8 7 6 5 4 3 2 1 2 3 
15 14 13 12 11 10 9 8 7 6 5 4 3 2 2 2 3 
15 14 13 12 11 10 9 8 7 6 5 4 3 3 3 3 3 
